{
  "park_id": 30,
  "park_name": "Shanghai Disney Resort",
  "valid_rides": [
    "Camp Discovery",
    "Roaring Rapids",
    "Soaring Over the Horizon",
    "“Once Upon a Time” Adventure",
    "Alice in Wonderland Maze",
    "Hunny Pot Spin",
    "Peter Pan’s Flight",
    "Seven Dwarfs Mine Train",
    "The Many Adventures of Winnie the Pooh",
    "Voyage to the Crystal Grotto",
    "Dumbo the Flying Elephant",
    "Fantasia Carousel",
    "Marvel Universe",
    "Buzz Lightyear Planet Rescue",
    "Jet Packs",
    "Stitch Encounter",
    "Rex’s Racer",
    "Slinky Dog Spin",
    "Woody’s Roundup",
    "Explorer Canoes",
    "Pirates of the Caribbean Battle for the Sunken Treasure",
    "Shipwreck Shore",
    "Siren's Revenge"
  ],
  "osm_results": {
    "Camp Discovery": [
      31.1459,
      121.66
    ],
    "Roaring Rapids": [
      31.1449,
      121.659
    ],
    "Soaring Over the Horizon": [
      31.1456,
      121.661
    ],
    "“Once Upon a Time” Adventure": [
      31.1459,
      121.655
    ],
    "Alice in Wonderland Maze": [
      31.1464,
      121.655
    ],
    "Hunny Pot Spin": [
      31.1475,
      121.654
    ],
    "Peter Pan’s Flight": [
      31.1454,
      121.654
    ],
    "Seven Dwarfs Mine Train": [
      31.1476,
      121.655
    ],
    "The Many Adventures of Winnie the Pooh": [
      31.1482,
      121.654
    ],
    "Voyage to the Crystal Grotto": [
      31.1459,
      121.654
    ],
    "Dumbo the Flying Elephant": [
      31.1447,
      121.656
    ],
    "Fantasia Carousel": [
      31.1447,
      121.657
    ],
    "Marvel Universe": [
      31.1447,
      121.654
    ],
    "Buzz Lightyear Planet Rescue": [
      31.1431,
      121.653
    ],
    "Jet Packs": [
      31.1438,
      121.654
    ],
    "Stitch Encounter": [
      31.1434,
      121.654
    ],
    "Rex’s Racer": [
      31.1457,
      121.652
    ],
    "Slinky Dog Spin": [
      31.1457,
      121.653
    ],
    "Woody’s Roundup": [
      31.1461,
      121.653
    ],
    "Explorer Canoes": [
      31.1462,
      121.658
    ],
    "Pirates of the Caribbean Battle for the Sunken Treasure": [
      31.1482,
      121.658
    ],
    "Shipwreck Shore": [
      31.147,
      121.658
    ],
    "Siren's Revenge": [
      31.1471,
      121.659
    ]
  },
  "history_results": {
    "Camp Discovery": [
      [
        9,
        6.0
      ],
      [
        10,
        5.0
      ],
      [
        11,
        5.0
      ],
      [
        12,
        5.0
      ],
      [
        13,
        13.0
      ],
      [
        14,
        13.0
      ],
      [
        15,
        13.0
      ],
      [
        16,
        15.0
      ],
      [
        17,
        15.0
      ],
      [
        18,
        15.0
      ],
      [
        19,
        15.0
      ],
      [
        20,
        15.0
      ],
      [
        21,
        13.0
      ]
    ],
    "Roaring Rapids": [
      [
        8,
        30.0
      ],
      [
        9,
        53.0
      ],
      [
        10,
        64.0
      ],
      [
        11,
        63.0
      ],
      [
        12,
        56.0
      ],
      [
        13,
        61.0
      ],
      [
        14,
        64.0
      ],
      [
        15,
        65.0
      ],
      [
        16,
        64.0
      ],
      [
        17,
        61.0
      ],
      [
        18,
        50.0
      ],
      [
        19,
        36.0
      ],
      [
        20,
        25.0
      ],
      [
        21,
        21.0
      ],
      [
        22,
        75.0
      ],
      [
        23,
        98.0
      ]
    ],
    "Soaring Over the Horizon": [
      [
        8,
        59.0
      ],
      [
        9,
        79.0
      ],
      [
        10,
        88.0
      ],
      [
        11,
        88.0
      ],
      [
        12,
        83.0
      ],
      [
        13,
        87.0
      ],
      [
        14,
        90.0
      ],
      [
        15,
        94.0
      ],
      [
        16,
        93.0
      ],
      [
        17,
        92.0
      ],
      [
        18,
        82.0
      ],
      [
        19,
        65.0
      ],
      [
        20,
        49.0
      ],
      [
        21,
        41.0
      ],
      [
        22,
        89.0
      ],
      [
        23,
        158.0
      ]
    ],
    "“Once Upon a Time” Adventure": [
      [
        8,
        5.0
      ],
      [
        9,
        8.0
      ],
      [
        10,
        12.0
      ],
      [
        11,
        14.0
      ],
      [
        12,
        11.0
      ],
      [
        13,
        13.0
      ],
      [
        14,
        13.0
      ],
      [
        15,
        13.0
      ],
      [
        16,
        12.0
      ],
      [
        17,
        14.0
      ],
      [
        18,
        12.0
      ],
      [
        19,
        10.0
      ],
      [
        20,
        7.0
      ],
      [
        21,
        6.0
      ],
      [
        22,
        9.0
      ],
      [
        23,
        15.0
      ]
    ],
    "Alice in Wonderland Maze": [
      [
        8,
        5.0
      ],
      [
        9,
        5.0
      ],
      [
        10,
        5.0
      ],
      [
        11,
        5.0
      ],
      [
        12,
        5.0
      ],
      [
        13,
        5.0
      ],
      [
        14,
        5.0
      ],
      [
        15,
        5.0
      ],
      [
        16,
        5.0
      ],
      [
        17,
        5.0
      ],
      [
        18,
        5.0
      ],
      [
        19,
        5.0
      ],
      [
        20,
        5.0
      ],
      [
        21,
        5.0
      ],
      [
        22,
        5.0
      ],
      [
        23,
        5.0
      ]
    ],
    "Hunny Pot Spin": [
      [
        8,
        5.0
      ],
      [
        9,
        7.0
      ],
      [
        10,
        14.0
      ],
      [
        11,
        17.0
      ],
      [
        12,
        15.0
      ],
      [
        13,
        17.0
      ],
      [
        14,
        18.0
      ],
      [
        15,
        18.0
      ],
      [
        16,
        17.0
      ],
      [
        17,
        19.0
      ],
      [
        18,
        16.0
      ],
      [
        19,
        14.0
      ],
      [
        20,
        9.0
      ],
      [
        21,
        7.0
      ],
      [
        22,
        8.0
      ],
      [
        23,
        15.0
      ]
    ],
    "Peter Pan’s Flight": [
      [
        8,
        9.0
      ],
      [
        9,
        22.0
      ],
      [
        10,
        34.0
      ],
      [
        11,
        38.0
      ],
      [
        12,
        35.0
      ],
      [
        13,
        36.0
      ],
      [
        14,
        40.0
      ],
      [
        15,
        38.0
      ],
      [
        16,
        36.0
      ],
      [
        17,
        36.0
      ],
      [
        18,
        31.0
      ],
      [
        19,
        25.0
      ],
      [
        20,
        15.0
      ],
      [
        21,
        10.0
      ],
      [
        22,
        16.0
      ],
      [
        23,
        43.0
      ]
    ],
    "Seven Dwarfs Mine Train": [
      [
        8,
        48.0
      ],
      [
        9,
        54.0
      ],
      [
        10,
        72.0
      ],
      [
        11,
        78.0
      ],
      [
        12,
        75.0
      ],
      [
        13,
        78.0
      ],
      [
        14,
        78.0
      ],
      [
        15,
        79.0
      ],
      [
        16,
        78.0
      ],
      [
        17,
        75.0
      ],
      [
        18,
        66.0
      ],
      [
        19,
        54.0
      ],
      [
        20,
        41.0
      ],
      [
        21,
        34.0
      ],
      [
        22,
        45.0
      ],
      [
        23,
        128.0
      ]
    ],
    "The Many Adventures of Winnie the Pooh": [
      [
        8,
        10.0
      ],
      [
        9,
        21.0
      ],
      [
        10,
        32.0
      ],
      [
        11,
        37.0
      ],
      [
        12,
        34.0
      ],
      [
        13,
        38.0
      ],
      [
        14,
        41.0
      ],
      [
        15,
        40.0
      ],
      [
        16,
        37.0
      ],
      [
        17,
        38.0
      ],
      [
        18,
        32.0
      ],
      [
        19,
        25.0
      ],
      [
        20,
        15.0
      ],
      [
        21,
        9.0
      ],
      [
        22,
        16.0
      ],
      [
        23,
        45.0
      ]
    ],
    "Voyage to the Crystal Grotto": [
      [
        8,
        6.0
      ],
      [
        9,
        15.0
      ],
      [
        10,
        22.0
      ],
      [
        11,
        24.0
      ],
      [
        12,
        19.0
      ],
      [
        13,
        22.0
      ],
      [
        14,
        22.0
      ],
      [
        15,
        22.0
      ],
      [
        16,
        19.0
      ],
      [
        17,
        23.0
      ],
      [
        18,
        22.0
      ],
      [
        19,
        22.0
      ],
      [
        20,
        17.0
      ],
      [
        21,
        11.0
      ],
      [
        22,
        20.0
      ],
      [
        23,
        28.0
      ]
    ],
    "Dumbo the Flying Elephant": [
      [
        8,
        10.0
      ],
      [
        9,
        31.0
      ],
      [
        10,
        40.0
      ],
      [
        11,
        38.0
      ],
      [
        12,
        29.0
      ],
      [
        13,
        29.0
      ],
      [
        14,
        29.0
      ],
      [
        15,
        28.0
      ],
      [
        16,
        31.0
      ],
      [
        17,
        31.0
      ],
      [
        18,
        29.0
      ],
      [
        19,
        28.0
      ],
      [
        20,
        23.0
      ],
      [
        21,
        26.0
      ],
      [
        22,
        35.0
      ],
      [
        23,
        35.0
      ]
    ],
    "Fantasia Carousel": [
      [
        8,
        7.0
      ],
      [
        9,
        23.0
      ],
      [
        10,
        28.0
      ],
      [
        11,
        25.0
      ],
      [
        12,
        16.0
      ],
      [
        13,
        17.0
      ],
      [
        14,
        17.0
      ],
      [
        15,
        17.0
      ],
      [
        16,
        21.0
      ],
      [
        17,
        24.0
      ],
      [
        18,
        29.0
      ],
      [
        19,
        32.0
      ],
      [
        20,
        25.0
      ],
      [
        21,
        17.0
      ],
      [
        22,
        25.0
      ],
      [
        23,
        30.0
      ]
    ],
    "Marvel Universe": [
      [
        9,
        6.0
      ],
      [
        10,
        6.0
      ],
      [
        11,
        6.0
      ],
      [
        12,
        6.0
      ],
      [
        13,
        6.0
      ],
      [
        14,
        6.0
      ],
      [
        15,
        6.0
      ],
      [
        16,
        6.0
      ],
      [
        17,
        6.0
      ],
      [
        18,
        8.0
      ],
      [
        19,
        8.0
      ],
      [
        20,
        8.0
      ],
      [
        21,
        8.0
      ]
    ],
    "Buzz Lightyear Planet Rescue": [
      [
        8,
        5.0
      ],
      [
        9,
        9.0
      ],
      [
        10,
        13.0
      ],
      [
        11,
        14.0
      ],
      [
        12,
        12.0
      ],
      [
        13,
        14.0
      ],
      [
        14,
        14.0
      ],
      [
        15,
        14.0
      ],
      [
        16,
        15.0
      ],
      [
        17,
        14.0
      ],
      [
        18,
        11.0
      ],
      [
        19,
        9.0
      ],
      [
        20,
        6.0
      ],
      [
        21,
        5.0
      ],
      [
        22,
        13.0
      ],
      [
        23,
        35.0
      ]
    ],
    "Jet Packs": [
      [
        8,
        12.0
      ],
      [
        9,
        32.0
      ],
      [
        10,
        42.0
      ],
      [
        11,
        41.0
      ],
      [
        12,
        36.0
      ],
      [
        13,
        38.0
      ],
      [
        14,
        39.0
      ],
      [
        15,
        38.0
      ],
      [
        16,
        41.0
      ],
      [
        17,
        38.0
      ],
      [
        18,
        35.0
      ],
      [
        19,
        31.0
      ],
      [
        20,
        25.0
      ],
      [
        21,
        21.0
      ],
      [
        22,
        25.0
      ],
      [
        23,
        32.0
      ]
    ],
    "Stitch Encounter": [
      [
        8,
        15.0
      ],
      [
        9,
        16.0
      ],
      [
        10,
        15.0
      ],
      [
        11,
        16.0
      ],
      [
        12,
        16.0
      ],
      [
        13,
        15.0
      ],
      [
        14,
        15.0
      ],
      [
        15,
        18.0
      ],
      [
        16,
        15.0
      ],
      [
        17,
        15.0
      ],
      [
        18,
        15.0
      ],
      [
        19,
        15.0
      ],
      [
        20,
        18.0
      ],
      [
        21,
        16.0
      ],
      [
        22,
        18.0
      ],
      [
        23,
        18.0
      ]
    ],
    "Rex’s Racer": [
      [
        8,
        15.0
      ],
      [
        9,
        33.0
      ],
      [
        10,
        51.0
      ],
      [
        11,
        58.0
      ],
      [
        12,
        56.0
      ],
      [
        13,
        58.0
      ],
      [
        14,
        60.0
      ],
      [
        15,
        61.0
      ],
      [
        16,
        61.0
      ],
      [
        17,
        58.0
      ],
      [
        18,
        50.0
      ],
      [
        19,
        39.0
      ],
      [
        20,
        28.0
      ],
      [
        21,
        21.0
      ],
      [
        22,
        52.0
      ],
      [
        23,
        75.0
      ]
    ],
    "Slinky Dog Spin": [
      [
        8,
        7.0
      ],
      [
        9,
        16.0
      ],
      [
        10,
        25.0
      ],
      [
        11,
        28.0
      ],
      [
        12,
        27.0
      ],
      [
        13,
        29.0
      ],
      [
        14,
        30.0
      ],
      [
        15,
        30.0
      ],
      [
        16,
        31.0
      ],
      [
        17,
        30.0
      ],
      [
        18,
        27.0
      ],
      [
        19,
        23.0
      ],
      [
        20,
        18.0
      ],
      [
        21,
        13.0
      ],
      [
        22,
        30.0
      ],
      [
        23,
        40.0
      ]
    ],
    "Woody’s Roundup": [
      [
        8,
        9.0
      ],
      [
        9,
        17.0
      ],
      [
        10,
        25.0
      ],
      [
        11,
        27.0
      ],
      [
        12,
        24.0
      ],
      [
        13,
        25.0
      ],
      [
        14,
        28.0
      ],
      [
        15,
        28.0
      ],
      [
        16,
        27.0
      ],
      [
        17,
        28.0
      ],
      [
        18,
        24.0
      ],
      [
        19,
        21.0
      ],
      [
        20,
        17.0
      ],
      [
        21,
        13.0
      ],
      [
        22,
        17.0
      ],
      [
        23,
        20.0
      ]
    ],
    "Explorer Canoes": [
      [
        8,
        5.0
      ],
      [
        9,
        20.0
      ],
      [
        10,
        30.0
      ],
      [
        11,
        30.0
      ],
      [
        12,
        25.0
      ],
      [
        13,
        28.0
      ],
      [
        14,
        29.0
      ],
      [
        15,
        31.0
      ],
      [
        16,
        33.0
      ],
      [
        17,
        38.0
      ],
      [
        18,
        36.0
      ],
      [
        19,
        16.0
      ],
      [
        20,
        15.0
      ],
      [
        21,
        15.0
      ],
      [
        22,
        58.0
      ],
      [
        23,
        58.0
      ]
    ],
    "Pirates of the Caribbean Battle for the Sunken Treasure": [
      [
        8,
        10.0
      ],
      [
        9,
        24.0
      ],
      [
        10,
        33.0
      ],
      [
        11,
        34.0
      ],
      [
        12,
        29.0
      ],
      [
        13,
        31.0
      ],
      [
        14,
        30.0
      ],
      [
        15,
        28.0
      ],
      [
        16,
        25.0
      ],
      [
        17,
        22.0
      ],
      [
        18,
        17.0
      ],
      [
        19,
        14.0
      ],
      [
        20,
        10.0
      ],
      [
        21,
        9.0
      ],
      [
        22,
        19.0
      ],
      [
        23,
        48.0
      ]
    ],
    "Shipwreck Shore": [
      [
        8,
        5.0
      ],
      [
        9,
        5.0
      ],
      [
        10,
        5.0
      ],
      [
        11,
        5.0
      ],
      [
        12,
        5.0
      ],
      [
        13,
        5.0
      ],
      [
        14,
        5.0
      ],
      [
        15,
        5.0
      ],
      [
        16,
        5.0
      ],
      [
        17,
        5.0
      ],
      [
        18,
        5.0
      ],
      [
        19,
        5.0
      ],
      [
        20,
        5.0
      ],
      [
        21,
        5.0
      ],
      [
        22,
        5.0
      ],
      [
        23,
        5.0
      ]
    ],
    "Siren's Revenge": [
      [
        8,
        5.0
      ],
      [
        9,
        5.0
      ],
      [
        10,
        5.0
      ],
      [
        11,
        5.0
      ],
      [
        12,
        5.0
      ],
      [
        13,
        5.0
      ],
      [
        14,
        5.0
      ],
      [
        15,
        5.0
      ],
      [
        16,
        5.0
      ],
      [
        17,
        5.0
      ],
      [
        18,
        5.0
      ],
      [
        19,
        5.0
      ],
      [
        20,
        5.0
      ],
      [
        21,
        5.0
      ],
      [
        22,
        5.0
      ],
      [
        23,
        5.0
      ]
    ]
  },
  "walking_time": [
    [
      0.0,
      0.0,
      1.255,
      8.283333333333333,
      3.631666666666667,
      3.631666666666667,
      8.316666666666666,
      3.631666666666667,
      3.631666666666667,
      4.958333333333333,
      8.21,
      8.171666666666667,
      8.316666666666666,
      8.915,
      8.356666666666666,
      8.416666666666666,
      5.1850000000000005,
      5.0183333333333335,
      4.958333333333333,
      0.335,
      0.335,
      0.335,
      0.335
    ],
    [
      0.0,
      0.0,
      1.255,
      8.283333333333333,
      3.631666666666667,
      3.631666666666667,
      8.316666666666666,
      3.631666666666667,
      3.631666666666667,
      4.958333333333333,
      8.21,
      8.171666666666667,
      8.316666666666666,
      8.915,
      8.356666666666666,
      8.416666666666666,
      5.1850000000000005,
      5.0183333333333335,
      4.958333333333333,
      0.335,
      0.335,
      0.335,
      0.335
    ],
    [
      1.255,
      1.255,
      0.0,
      7.886666666666667,
      4.755,
      4.755,
      7.92,
      4.755,
      4.755,
      6.081666666666666,
      7.8133333333333335,
      7.775,
      7.92,
      8.518333333333334,
      7.96,
      8.02,
      6.325,
      6.141666666666667,
      6.081666666666666,
      1.4866666666666668,
      1.4866666666666668,
      1.4866666666666668,
      1.4866666666666668
    ],
    [
      8.283333333333333,
      8.283333333333333,
      7.886666666666667,
      0.0,
      5.2716666666666665,
      5.2716666666666665,
      0.03333333333333333,
      5.2716666666666665,
      5.2716666666666665,
      4.238333333333333,
      4.38,
      4.341666666666667,
      0.03333333333333333,
      0.6316666666666666,
      0.07333333333333333,
      0.13333333333333333,
      3.94,
      4.298333333333333,
      4.238333333333333,
      6.181666666666667,
      6.181666666666667,
      6.181666666666667,
      6.181666666666667
    ],
    [
      3.631666666666667,
      3.631666666666667,
      4.755,
      5.2716666666666665,
      0.0,
      0.0,
      6.89,
      0.0,
      0.0,
      1.51,
      6.783333333333333,
      6.745,
      6.89,
      7.488333333333333,
      6.930000000000001,
      6.989999999999999,
      1.7366666666666668,
      1.57,
      1.51,
      3.48,
      3.48,
      3.48,
      3.48
    ],
    [
      3.631666666666667,
      3.631666666666667,
      4.755,
      5.2716666666666665,
      0.0,
      0.0,
      6.89,
      0.0,
      0.0,
      1.51,
      6.783333333333333,
      6.745,
      6.89,
      7.488333333333333,
      6.930000000000001,
      6.989999999999999,
      1.7366666666666668,
      1.57,
      1.51,
      3.48,
      3.48,
      3.48,
      3.48
    ],
    [
      8.316666666666666,
      8.316666666666666,
      7.92,
      0.03333333333333333,
      6.89,
      6.89,
      0.0,
      5.238333333333333,
      5.238333333333333,
      4.205,
      4.346666666666667,
      4.308333333333334,
      0.0,
      0.5983333333333333,
      0.04,
      0.1,
      3.9066666666666667,
      4.265,
      4.205,
      6.1483333333333325,
      6.1483333333333325,
      6.1483333333333325,
      6.1483333333333325
    ],
    [
      3.631666666666667,
      3.631666666666667,
      4.755,
      5.2716666666666665,
      0.0,
      0.0,
      5.238333333333333,
      0.0,
      0.0,
      1.51,
      6.783333333333333,
      6.745,
      6.89,
      7.488333333333333,
      6.930000000000001,
      6.989999999999999,
      1.7366666666666668,
      1.57,
      1.51,
      3.48,
      3.48,
      3.48,
      3.48
    ],
    [
      3.631666666666667,
      3.631666666666667,
      4.755,
      5.2716666666666665,
      0.0,
      0.0,
      5.238333333333333,
      0.0,
      0.0,
      1.51,
      6.783333333333333,
      6.745,
      6.89,
      7.488333333333333,
      6.930000000000001,
      6.989999999999999,
      1.7366666666666668,
      1.57,
      1.51,
      3.48,
      3.48,
      3.48,
      3.48
    ],
    [
      4.958333333333333,
      4.958333333333333,
      6.081666666666666,
      4.238333333333333,
      1.51,
      1.51,
      4.205,
      1.51,
      1.51,
      0.0,
      5.665,
      5.626666666666667,
      5.7716666666666665,
      6.37,
      5.8116666666666665,
      5.871666666666667,
      0.2816666666666666,
      0.060000000000000005,
      0.0,
      4.828333333333333,
      4.828333333333333,
      4.828333333333333,
      4.828333333333333
    ],
    [
      8.21,
      8.21,
      7.8133333333333335,
      4.38,
      6.783333333333333,
      6.783333333333333,
      4.346666666666667,
      6.783333333333333,
      6.783333333333333,
      5.665,
      0.0,
      4.415,
      0.10666666666666667,
      0.705,
      0.14666666666666667,
      0.20666666666666667,
      4.013333333333334,
      4.371666666666667,
      4.3116666666666665,
      6.255,
      6.255,
      6.255,
      6.255
    ],
    [
      8.171666666666667,
      8.171666666666667,
      7.775,
      4.341666666666667,
      6.745,
      6.745,
      4.308333333333334,
      6.745,
      6.745,
      5.626666666666667,
      4.415,
      0.0,
      0.145,
      0.7433333333333334,
      0.185,
      0.245,
      4.051666666666667,
      4.41,
      4.35,
      6.293333333333334,
      6.293333333333334,
      6.293333333333334,
      6.293333333333334
    ],
    [
      8.316666666666666,
      8.316666666666666,
      7.92,
      0.03333333333333333,
      6.89,
      6.89,
      0.0,
      6.89,
      6.89,
      5.7716666666666665,
      0.10666666666666667,
      0.145,
      0.0,
      0.5983333333333333,
      0.04,
      0.1,
      3.9066666666666667,
      4.265,
      4.205,
      6.1483333333333325,
      6.1483333333333325,
      6.1483333333333325,
      6.1483333333333325
    ],
    [
      8.915,
      8.915,
      8.518333333333334,
      0.6316666666666666,
      7.488333333333333,
      7.488333333333333,
      0.5983333333333333,
      7.488333333333333,
      7.488333333333333,
      6.37,
      0.705,
      0.7433333333333334,
      0.5983333333333333,
      0.0,
      3.895,
      3.955,
      3.308333333333333,
      3.6666666666666665,
      3.606666666666667,
      5.55,
      5.55,
      5.55,
      5.55
    ],
    [
      8.356666666666666,
      8.356666666666666,
      7.96,
      0.07333333333333333,
      6.930000000000001,
      6.930000000000001,
      0.04,
      6.930000000000001,
      6.930000000000001,
      5.8116666666666665,
      0.14666666666666667,
      0.185,
      0.04,
      3.895,
      0.0,
      0.060000000000000005,
      3.8666666666666667,
      4.225,
      4.165,
      6.108333333333333,
      6.108333333333333,
      6.108333333333333,
      6.108333333333333
    ],
    [
      8.416666666666666,
      8.416666666666666,
      8.02,
      0.13333333333333333,
      6.989999999999999,
      6.989999999999999,
      0.1,
      6.989999999999999,
      6.989999999999999,
      5.871666666666667,
      0.20666666666666667,
      0.245,
      0.1,
      3.955,
      0.060000000000000005,
      0.0,
      3.8066666666666666,
      4.165,
      4.105,
      6.048333333333333,
      6.048333333333333,
      6.048333333333333,
      6.048333333333333
    ],
    [
      5.1850000000000005,
      5.1850000000000005,
      6.325,
      3.94,
      1.7366666666666668,
      1.7366666666666668,
      3.9066666666666667,
      1.7366666666666668,
      1.7366666666666668,
      0.2816666666666666,
      4.013333333333334,
      4.051666666666667,
      3.9066666666666667,
      3.308333333333333,
      3.8666666666666667,
      3.8066666666666666,
      0.0,
      0.22166666666666668,
      0.2816666666666666,
      5.1016666666666675,
      5.1016666666666675,
      5.1016666666666675,
      5.1016666666666675
    ],
    [
      5.0183333333333335,
      5.0183333333333335,
      6.141666666666667,
      4.298333333333333,
      1.57,
      1.57,
      4.265,
      1.57,
      1.57,
      0.060000000000000005,
      4.371666666666667,
      4.41,
      4.265,
      3.6666666666666665,
      4.225,
      4.165,
      0.22166666666666668,
      0.0,
      0.060000000000000005,
      4.888333333333334,
      4.888333333333334,
      4.888333333333334,
      4.888333333333334
    ],
    [
      4.958333333333333,
      4.958333333333333,
      6.081666666666666,
      4.238333333333333,
      1.51,
      1.51,
      4.205,
      1.51,
      1.51,
      0.0,
      4.3116666666666665,
      4.35,
      4.205,
      3.606666666666667,
      4.165,
      4.105,
      0.2816666666666666,
      0.060000000000000005,
      0.0,
      4.828333333333333,
      4.828333333333333,
      4.828333333333333,
      4.828333333333333
    ],
    [
      0.335,
      0.335,
      1.4866666666666668,
      6.181666666666667,
      3.48,
      3.48,
      6.1483333333333325,
      3.48,
      3.48,
      4.828333333333333,
      6.255,
      6.293333333333334,
      6.1483333333333325,
      5.55,
      6.108333333333333,
      6.048333333333333,
      5.1016666666666675,
      4.888333333333334,
      4.828333333333333,
      0.0,
      0.0,
      0.0,
      0.0
    ],
    [
      0.335,
      0.335,
      1.4866666666666668,
      6.181666666666667,
      3.48,
      3.48,
      6.1483333333333325,
      3.48,
      3.48,
      4.828333333333333,
      6.255,
      6.293333333333334,
      6.1483333333333325,
      5.55,
      6.108333333333333,
      6.048333333333333,
      5.1016666666666675,
      4.888333333333334,
      4.828333333333333,
      0.0,
      0.0,
      0.0,
      0.0
    ],
    [
      0.335,
      0.335,
      1.4866666666666668,
      6.181666666666667,
      3.48,
      3.48,
      6.1483333333333325,
      3.48,
      3.48,
      4.828333333333333,
      6.255,
      6.293333333333334,
      6.1483333333333325,
      5.55,
      6.108333333333333,
      6.048333333333333,
      5.1016666666666675,
      4.888333333333334,
      4.828333333333333,
      0.0,
      0.0,
      0.0,
      0.0
    ],
    [
      0.335,
      0.335,
      1.4866666666666668,
      6.181666666666667,
      3.48,
      3.48,
      6.1483333333333325,
      3.48,
      3.48,
      4.828333333333333,
      6.255,
      6.293333333333334,
      6.1483333333333325,
      5.55,
      6.108333333333333,
      6.048333333333333,
      5.1016666666666675,
      4.888333333333334,
      4.828333333333333,
      0.0,
      0.0,
      0.0,
      0.0
    ]
  ],
  "open_time": 8,
  "close_time": 20
}